038530
036170
064800
009320
043260
012160
217620
089530
066910
000300
043090
306620
090370
033250
226340
053060
900310
009200
063440
039420
009310
141070
008600
131760
004870
002880
038060
001620
009160
310200
014910
032580
000680
013520
123840
006910
145210
009620
050120
066980
073010
145270
053590
003475
001440
036000
072770
035080
038110
121850
226440
090710
002630
222810
000890
153490
005860
187790
099440
042040
066430
003560
215480
003530
046390
208710
035460
012800
002680
043290
027580
014190
204840
225590
054630
090080
024900
123010
014940
108860
027740
052900
025880
029480
010280
027040
073640
060560
011090
025440
084180
